34.61699823838508
35.92537599691631
35.345774780051066
34.34339884293153
35.18328494587103
34.37963838622304
35.619439478458474
35.8593158237646
35.16071764009666
34.390693074865155
35.204852849106686
35.93288217064752
35.43511638267685
34.67701448384853
34.98043616853198
35.19134604457334
34.92296339958429
35.1740117402513
35.77818263504147
34.23048966757989
35.08227906652002
35.12263329325275
32.10635804207341
34.24086326856805
35.94577678760781
35.30525963321915
34.16173170842594
34.27335671566653
35.86466299086739
34.333464351420425
34.75632550622846
35.128239389029794
35.68484300909487
34.56344851022205
34.488760123103084
35.07155066408235
34.498358295840674
34.61635531866665
34.05503766042509
31.844055152962497
36.35260373850624
30.889703232381027
32.056707191423826
35.096681329616004
34.03864483587607
34.33224254769854
35.23341873691561
35.38926911570941
35.25193490717428
33.373790547396545
32.81706077368217
36.583138151339796
34.3502795031375
40.132496315843454
40.04842624625016
32.6137144369511
33.072971989450195
33.431598380895245
33.204223356910276
33.85960974828913
32.769635805562366
31.443056780309547
31.903709103022777
33.52377654990051
32.33412748255063
37.56879728207859
33.71723991200939
33.20657888274041
33.81124585301182
36.18430396968097
34.358838943138245
38.119318862017785
41.656734922814444
39.37485532718653
41.54198834014633
40.609884545416996
32.044054217641765
32.9405992000671
34.04133763098703
36.69762400103167
33.606046109587446
37.76737794161347
31.867464814727583
33.53243426324945
31.82789625386374
33.958432236538286
33.095911369634244
32.077398567125186
31.426931755655918
33.25514801981341
43.645891690789625
32.79504847907622
34.86410595876201
33.97690820394341
36.62615489089186
35.726611324350536
36.860921669738445
35.0656498063571
34.98227186464151
35.323172172716