33.91636465503324
36.265998570441845
39.05037907624643
38.5720515191172
38.0590792264943
36.57179113375771
36.098188318604194
35.86694492319558
36.8840649725401
35.9629288832698
33.27950401046237
37.42928118084888
36.13577284822788
37.16937344704795
33.312168425293116
37.82471245989727
42.15077162750847
39.15177023101642
37.00294948798313
40.351868873512146
40.3000569492709
41.325330402656725
38.895378002198626
36.775884664738115
42.00905317336211
41.21016046987507
42.85606877231429
39.74986584096826
34.93443733578343
33.99427194342821
34.67430225445243
34.75442013380023
33.4507648521282
33.730254199441724
35.93156534339942
40.9993449583096
34.971883535636174
34.1015781002184
36.214135412816795
34.79182112616196
36.025456026727745
40.39846549911166
46.77683012010252
47.82856974403303
38.54597026680251
55.578954722808334
56.04663074822996
56.18443373352728
47.08048384933187
41.17882942773623
43.192994452008186
40.67394338111934
35.98300069612612
37.23774596712612
36.459474711057325
35.178837937768876
43.102691955153595
34.49202328951568
34.38701461896857
35.443122313497476
32.89678508684683
35.02869822002334
33.13745182492556
34.79314513881117
40.31018374411844
37.26911899919173
37.70873690304052
38.34379041056438
35.7579041383758
43.226511940695794
41.88986309558098
36.779987986255236
38.16991236904951
37.57376426574606
39.66061822490971
43.541271572383124
42.64744051389157
35.932147132922935
37.40083687482935
35.478392178742396
34.898050015008316
35.36556171170799
39.908366252539096
34.805605844633256
33.926928623301876
36.82115486859631
34.97789531767449
35.59414169544772
34.144865707444055
35.880995026891014
35.87054852442368
35.65419175088121
35.7767995376867
35.64420375228657
42.413863926461154
37.391746972508
48.48184894269978
38.30281321814359
41.06079495262357
41.15292197958172